4003600000000014
4111111111111111
4012888888881881
4222222222222
4532015112830366
4485275742308327
4917300800000000
5105105105105100
5555555555554444
5454545454545454
5222222222222222
5301250070000191
5496198584584769
5212345678901234
378282246310005
371449635398431
340000000000009
370000000000002
349999999999999
6011111111111117
6011000990139424
3530111333300000
3566002020360505
4003600000000015
4111111111111112
5555555555554443
378282246310006
371449635398432
340000000000001
5301250070000192
411111111111
411111111111111111
37828224631000
555555555555
40036000000000144
6012345678901234
7012345678901234
9111111111111111
2111111111111111
8812345678901234


